174
286
786
1421
1426
1442
2906
3223
3257
3462
3491
3549
3561
3722
3842
4250
4323
4694
4755
4800
4851
5577
6188
6428
6453
6461
6718
6724
6870
6921
6939
7203
7349
7489
7506
7595
7598
7726
7770
7850
7979
8075
8100
8280
8285
8315
8455
8468
8477
8556
8560
8607
8928
8943
8972
9009
9166
9290
9304
9370
9412
9667
9823
9925
10200
10207
10297
10439
10464
10474
10532
10929
11042
11230
11235
11274
11320
11588
11831
11878
12129
12182
12536
12586
12617
12816
12859
12876
12989
13030
13209
13213
13238
13335
13354
13414
13647
13739
13768
13884
13886
13909
13926
13955
14061
14120
14127
14160
14244
14280
14384
14415
14442
14567
14576
14708
14986
14987
14992
15003
15083
15085
15149
15189
15395
15497
15510
15533
15626
15734
15830
15919
16125
16262
16265
16273
16276
16284
16397
16535
16584
16628
16862
16973
17019
17048
17139
17216
17439
17669
17819
17881
17918
17920
17971
18120
18229
18450
18501
18530
18570
18779
18978
19084
19133
19151
19194
19234
19237
19281
19318
19383
19437
19528
19531
19538
19624
19693
19844
19871
19969
19994
20021
20068
20093
20150
20248
20264
20278
20360
20401
20448
20450
20454
20473
20598
20692
20738
20773
20836
20860
21100
21159
21217
21321
21396
21472
21844
21859
22152
22302
22363
22552
22611
22616
22676
22720
22781
22822
22903
23033
23052
23108
23273
23342
23352
23535
23881
24220
24381
24482
24549
24558
24611
24679
24725
24768
24851
24875
24931
24940
24958
24961
24971
24997
25048
25128
25163
25260
25369
25379
25504
25532
25577
25605
25642
25653
25697
25780
25820
25926
26277
26347
26481
26484
26769
26978
27175
27223
27229
27257
27357
27411
27471
27589
27597
27640
28099
28216
28333
28666
28747
28753
28855
28920
28997
29066
29067
29073
29097
29119
29140
29141
29182
29222
29302
29311
29331
29354
29405
29452
29465
29550
29691
29713
29748
29802
29838
29854
29869
29883
30081
30083
30152
30176
30235
30315
30361
30475
30496
30633
30693
30849
30878
30900
30998
31034
31103
31147
31240
31400
31472
31590
31659
31698
31708
31863
31981
32083
32097
32181
32244
32275
32306
32338
32400
32475
32489
32613
32647
32740
32748
32780
32875
32911
32921
33070
33083
33182
33251
33260
33302
33322
33330
33333
33387
33438
33480
33552
33569
33724
33785
33891
34119
34305
34432
34541
34649
34745
34971
34989
35017
35278
35295
35366
35415
35467
35470
35662
35908
35914
35916
35974
36024
36114
36236
36290
36351
36352
36408
36444
36454
36536
36666
36692
36791
36873
36887
36920
36970
37018
37088
37153
37170
37209
37230
37248
37269
37280
37308
37347
37377
37472
37506
37521
37540
37643
37661
37692
37714
37963
38001
38107
38279
38478
38731
38894
39020
39324
39326
39347
39351
39392
39451
39458
39572
39704
39756
39839
40065
40092
40156
40244
40281
40374
40384
40438
40539
40676
40715
40728
40819
40824
40861
40866
40913
41062
41079
41369
41427
41562
41653
41665
41722
42120
42160
42210
42244
42311
42331
42399
42400
42418
42442
42465
42473
42612
42622
42695
42699
42705
42708
42730
42776
42831
43021
43146
43198
43289
43317
43350
43472
43531
43541
43620
43765
44050
44066
44398
44515
44684
44901
45031
45102
45152
45179
45187
45201
45470
45481
45486
45577
45671
45693
45785
45815
45887
45945
46177
46260
46261
46430
46433
46475
46489
46562
46573
46652
46664
46805
46816
46844
46873
46945
47143
47161
47172
47205
47328
47385
47447
47549
47577
47583
47588
47625
47869
48031
48093
48095
48446
48693
48757
48812
48825
48894
48896
49282
49313
49349
49367
49453
49485
49505
49532
49544
49693
49815
49834
49949
49981
50297
50300
50340
50465
50520
50608
50613
50655
50673
50872
50915
50926
50968
50986
51050
51109
51159
51167
51191
51241
51248
51290
51294
51395
51430
51698
51731
51765
51852
52048
52173
52219
52236
52270
52321
52335
52347
52465
52674
52925
53013
53055
53057
53101
53221
53225
53264
53281
53332
53340
53342
53370
53444
53559
53589
53597
53667
53755
53813
53850
53889
53914
53918
54104
54203
54290
54334
54455
54489
54500
54527
54540
54543
54555
54561
54641
54817
54825
54829
54839
55051
55225
55229
55242
55286
55293
55492
55536
55639
55720
55761
55799
55803
55933
55967
56106
56110
56322
56617
56630
56732
56784
56799
56851
56876
56934
57043
57169
57230
57286
57345
57363
57669
57682
57752
57773
57858
57879
58073
58113
58277
58305
58667
58797
58922
58936
59135
59253
59349
59432
59504
59554
59615
59632
59677
59705
59729
59764
59791
59795
59816
59854
59895
59898
60011
60068
60117
60118
60144
60404
60476
60485
60505
60558
60567
60626
60739
60781
60800
61102
61107
61138
61147
61157
61280
61317
61323
61412
61440
61493
62026
62041
62049
62071
62082
62088
62217
62240
62255
62282
62310
62370
62471
62540
62563
62567
62605
62638
62651
62744
62756
62838
62899
62904
62907
63008
63018
63119
63128
63129
63199
63213
63473
63916
63930
63949
64245
64484
131279
132070
132071
132225
132335
132425
132509
132717
132721
132779
132816
132869
132892
133120
133143
133165
133229
133296
133393
133480
133752
134451
135340
135822
136258
136988
139242
196645
196678
196745
196827
197071
197155
197328
197372
197395
197439
197595
197648
197706
197902
197914
198047
198153
198171
198203
198310
198313
198347
198371
198414
198432
198605
198651
198736
198749
198968
199064
199081
199129
199213
199481
199653
199669
199733
199847
199883
199990
199997
200000
200019
200039
200130
200147
200532
200651
200840
200904
201011
201056
201200
201229
201449
201525
201553
201597
201630
201634
201670
201702
201709
201862
201983
202018
202023
202053
202109
202118
202119
202623
202836
202952
203226
203380
203523
203629
204196
204915
205016
205025
205544
206898
209242
262170
262287
262603
262978
262990
263032
263093
263237
268581
327705
327784
327813
327942
328035
393326
393398
393406
394256
394279
394330
394362
394380
394536
395087
395089
395111
395747
395954
395978
396190
396319
396362
397031
42237
58436
46475
23352
64236
35913
2734
19996
22437
31795
32184
46529
1270
1342
1442
1625
1824
1837
2121
2514
2554
2635
3064
3175
3177
3188
3223
3281
3361
3408
3488
3595
3728
3817
3842
3900
3962
4594
4646
4694
4758
4770
4769
4842
4851
5048
5404
5484
5537
5576
5693
6130
6134
6188
6364
6428
6718
6724
6738
6820
6903
6939
7040
7181
7203
7215
7226
7296
7393
7469
7489
7506
7514
7540
7589
7595
7678
7684
7753
7765
7819
7859
7979
8100
8251
8312
8304
8315
8342
8455
8477
8495
8556
8560
8621
8622
8685
8739
8820
8854
8875
8893
8943
8972
9053
9115
9123
9211
9244
9268
9287
9286
9290
9312
9335
9370
9371
9451
9520
9530
9597
9714
9858
9935
9952
9957
10004
10016
10015
10097
10105
10112
10200
10297
10333
10439
10480
10489
10532
10634
10732
10747
10843
10879
10913
10929
11042
11051
11180
11230
11235
11282
11320
11357
11403
11555
11572
11691
11734
11831
11854
11853
11973
11989
11994
12001
12008
12178
12180
12179
12182
12188
12189
12200
12212
12222
12266
12306
12363
12395
12406
12408
12459
12472
12488
12574
12590
12608
12616
12637
12695
12703
12722
12824
12859
12876
12993
12996
13008
13182
13209
13213
13287
13345
13354
13357
13416
13438
13645
13647
13649
13767
13768
13791
13790
13820
13830
13845
13911
13909
13951
14010
14026
14061
14116
14127
14144
14160
14176
14244
14280
14313
14330
14340
14361
14384
14397
14415
14441
14442
14519
14537
14567
14576
14586
14708
14713
14744
14743
14901
14935
14986
14987
14992
15083
15085
15144
15216
15244
15317
15395
15418
15456
15497
15510
15533
15541
15544
15598
15626
15657
15685
15694
15699
15703
15817
15826
15891
15919
15922
15954
15967
16125
16265
16262
16276
16347
16371
16406
16410
16482
16535
16552
16556
16557
16578
16626
16625
16645
16858
16912
17090
17113
17139
17156
17195
17216
17223
17378
17439
17447
17514
17589
17694
17732
17833
17881
17918
17934
17941
17950
17971
17988
18013
18059
18120
18206
18229
18254
18281
18289
18362
18368
18405
18434
18450
18501
18586
18590
18635
18650
18672
18717
18779
18978
19024
19133
19148
19186
19222
19237
19234
19246
19257
19318
19324
19373
19385
19437
19551
19620
19624
19691
19693
19832
19842
19871
19874
19905
19994
20021
20068
20093
20150
20189
20248
20264
20284
20450
20460
20454
20473
20546
20559
20562
20616
20647
20648
20649
20694
20738
20773
20803
20824
20847
20857
20860
20916
20926
20940
21051
21069
21100
21155
21159
21174
21217
21260
21288
21342
21350
21396
21409
21501
21499
21503
21554
21581
21624
21679
21777
21859
21887
21980
22030
22132
22169
22211
22264
22275
22384
22407
22458
22468
22489
22552
22571
22606
22611
22612
22653
22658
22720
22769
22878
22900
22903
22915
23033
23108
23295
23338
23359
23354
23352
23454
23470
23522
23535
23596
23600
23633
23637
23635
23652
23650
23660
23661
23734
23747
23794
23824
23858
23864
23881
23884
24000
24021
24085
24192
24195
24220
24270
24282
24322
24429
24446
24459
24466
24482
24541
24611
24642
24679
24700
24725
24723
24724
24748
24768
24785
24806
24851
24875
24898
24931
24936
24935
24940
24961
24958
24971
24973
24989
24994
25048
25063
25108
25116
25128
25151
25188
25193
25234
25260
25264
25277
25369
25444
25459
25491
25504
25516
25532
25542
25593
25634
25653
25697
25820
25832
25864
25926
25991
26008
26135
26277
26337
26338
26347
26481
26484
26496
26623
26658
26689
26753
26832
26914
26981
26994
27175
27176
27223
27229
27257
27267
27272
27325
27357
27382
27411
27413
27482
27582
27589
27614
27640
27647
27659
27680
27678
27715
27823
27900
27956
28099
28101
28122
28128
28127
28136
28150
28174
28177
28209
28216
28218
28278
28299
28342
28346
28419
28504
28584
28592
28595
28626
28647
28666
28707
28747
28753
28762
28824
28878
28907
28924
28997
29017
29014
29024
29027
29028
29067
29066
29076
29097
29134
29119
29132
29141
29140
29169
29182
29222
29262
29278
29302
29401
29405
29423
29435
29447
29452
29486
29522
29550
29551
29597
29608
29636
29656
29686
29691
29713
29752
29763
29761
29791
29789
29802
29854
29863
29869
29873
29883
29889
29962
30083
30152
30176
30216
30235
30282
30380
30447
30455
30475
30496
30500
30602
30636
30633
30652
30665
30693
30715
30785
30781
30811
30823
30849
30860
30870
30889
30900
30962
30968
31000
31016
31034
31052
31083
31100
31103
31132
31178
31229
31240
31244
31283
31333
31345
31378
31383
31400
31446
31463
31472
31477
31486
31504
31555
31587
31590
31624
31639
31653
31659
31673
31703
31708
31727
31815
31863
31981
32015
32097
32164
32181
32242
32244
32338
32374
32388
32400
32475
32613
32647
32708
32740
32748
32751
32767
32780
32787
32869
32875
32882
32915
32952
33007
33055
33070
33139
33182
33208
33211
33227
33322
33330
33387
33432
33439
33480
33494
33569
33597
33693
33695
33724
33854
33876
33905
33962
33968
33972
33984
34011
34037
34088
34119
34142
34164
34173
34222
34233
34235
34240
34241
34268
34282
34300
34356
34360
34358
34420
34432
34499
34541
34549
34556
34619
34649
34665
34679
34685
34702
34738
34745
34762
34768
34773
34788
34895
34920
34931
34948
34969
34934
34971
34989
35017
35041
35112
35130
35152
35196
35206
35251
35277
35278
35295
35329
35344
35366
35382
35393
35415
35425
35444
35470
35499
35534
35537
35540
35569
35578
35582
35592
35625
35710
35711
35779
35787
35914
35913
35908
35916
35993
35994
36007
36024
36031
36057
36077
36114
36218
36217
36236
36248
36326
36354
36351
36352
36363
36444
36454
36473
36483
36489
36504
36529
36536
36666
36791
36943
37153
37327
37352
37354
37518
37907
37903
37963
38001
38066
38117
38127
38186
38197
38220
38277
38279
38325
38365
38478
38532
38642
38700
38705
38719
38731
38760
38767
38778
38823
38843
38880
38894
38926
38955
38963
38965
38994
39020
39043
39122
39150
39182
39190
39222
39227
39238
39239
39246
39292
39311
39315
39324
39325
39345
39368
39378
39383
39384
39392
39405
39451
39458
39466
39494
39519
39517
39535
39556
39566
39570
39572
39618
39615
39640
39647
39655
39679
39681
39704
39729
39743
39756
39758
39783
39782
39790
39798
39819
39825
39827
39839
39845
39869
39882
39889
39923
39921
39962
40015
40021
40065
40092
40100
40156
40244
40281
40329
40341
40374
40395
40438
40539
40630
40676
40728
40819
40824
40882
40900
40965
40975
40985
41000
41018
41062
41074
41075
41079
41095
41108
41126
41181
41204
41357
41399
41406
41436
41443
41466
41508
41535
41541
41550
41562
41628
41634
41635
41637
41653
41665
41678
41722
41732
41773
41821
41856
41887
41940
41952
42005
42040
42043
42075
42093
42106
42140
42159
42160
42186
42210
42216
42220
42236
42237
42240
42244
42311
42331
42338
42347
42352
42442
42447
42489
42503
42508
42553
42567
42572
42612
42632
42655
42675
42695
42699
42724
42730
42751
42755
42776
42807
42832
42831
42836
42840
42865
42868
42910
42927
42926
42938
42964
43021
43047
43108
43128
43133
43142
43146
43190
43219
43263
43260
43309
43317
43330
43333
43338
43349
43345
43348
43350
43359
43362
43391
43456
43472
43489
43541
43578
43588
43639
43652
43711
43758
43768
43773
43774
43783
43800
43829
43927
43962
43991
44050
44066
44094
44099
44112
44128
44133
44136
44220
44255
44273
44294
44332
44453
44460
44477
44476
44493
44565
44600
44632
44633
44685
44684
44709
44716
44806
44812
44853
44901
44922
44925
44964
44984
45012
45014
45031
45037
45043
45045
45075
45090
45102
45144
45146
45152
45179
45187
45298
45302
45324
45328
45353
45352
45382
45459
45481
45486
45504
45538
45544
45552
45559
45570
45578
45577
45580
45592
45593
45599
45634
45638
45652
45668
45672
45671
45731
45753
45815
45839
45849
45887
45906
45910
45945
46015
46050
46132
46130
46261
46385
46401
46407
46433
46440
46469
46475
46516
46549
46562
46573
46597
46606
46636
46789
46805
46816
46844
46873
46874
46945
47002
47066
47094
47133
47143
47161
47168
47172
47196
47201
47215
47219
47231
47242
47244
47264
47285
47289
47302
47309
47381
47385
47447
47478
47513
47521
47544
47543
47550
47549
47577
47582
47583
47595
47602
47625
47692
47748
47764
47810
47869
47894
47934
47987
48029
48031
48039
48096
48164
48235
48254
48270
48282
48287
48324
48337
48348
48346
48347
48403
48434
48446
48505
48551
48536
48533
48579
48607
48613
48614
48635
48644
48684
48689
48716
48722
48732
48737
48760
48809
48815
48817
48825
48823
48851
48854
48874
48881
48894
48896
48901
48921
48950
48949
48979
48995
49063
49073
49091
49126
49143
49184
49189
49195
49227
49282
49287
49313
49311
49335
49345
49349
49352
49359
49364
49367
49392
49400
49434
49457
49453
49466
49467
49485
49505
49532
49589
49604
49612
49632
49635
49677
49683
49685
49693
49699
49746
49747
49797
49815
49834
49857
49879
49877
49932
49981
49996
50033
50056
50106
50113
50131
50152
50214
50245
50297
50300
50304
50340
50357
50389
50415
50448
50457
50465
50474
50516
50520
50562
50599
50608
50649
50650
50655
50678
50673
50704
50730
50733
50757
50823
50833
50837
50840
50841
50842
50891
50921
50926
50939
50935
50937
50941
50957
50968
50979
50981
50986
51012
51013
51050
51091
51099
51110
51160
51159
51167
51177
51248
51269
51275
51278
51286
51290
51294
51335
51357
51367
51411
51430
51468
51520
51540
51557
51559
51614
51659
51696
51698
51713
51717
51718
51731
51740
51743
51765
51783
51790
51848
51852
51862
51859
51905
51915
51916
51942
51975
51995
52030
52114
52148
52165
52179
52219
52217
52234
52236
52270
52305
52304
52306
52335
52336
52347
52368
52388
52423
52465
52469
52512
52511
52522
52528
52550
52615
52620
52623
52641
52648
52647
52653
52656
52690
52695
52724
52727
52740
52749
52755
52757
52762
52780
52781
52793
52810
52812
52821
52843
52864
52890
52907
52916
52950
52997
53033
53041
53057
53058
53136
53168
53205
53231
53239
53243
53281
53292
53340
53356
53360
53365
53370
53479
53587
53589
53605
53628
53667
53755
53759
53824
53850
53861
53914
53918
53974
53976
53997
53999
54098
54112
54113
54163
54290
54456
54455
54489
54524
54527
54548
54540
54555
54600
54636
54643
54641
54726
54825
54839
54913
55017
55002
55045
55053
55081
55106
55175
55229
55293
55305
55313
55303
55334
55359
55377
55388
55405
55422
55470
55512
55532
55547
55636
55639
55660
55688
55720
55746
55799
55803
55897
55907
55933
55951
55967
55994
56005
56050
56059
56067
56096
56106
56110
56134
56140
56150
56153
56151
56262
56291
56301
56309
56333
56352
56364
56378
56430
56485
56489
56506
56529
56534
56577
56582
56607
56623
56630
56643
56658
56655
56694
56716
56732
56740
56784
56797
56815
56851
56872
56898
56899
56971
57010
57034
57037
57043
57115
57123
57127
57148
57167
57168
57169
57172
57230
57242
57267
57286
57311
57367
57442
57471
57487
57494
57497
57505
57518
57586
57604
57659
57669
57673
57682
57687
57724
57726
57739
57752
57814
57844
57858
57872
57894
57899
57954
57972
57992
58003
58010
58031
58040
58059
58061
58065
58152
58162
58164
58170
58222
58262
58269
58271
58285
58305
58338
58381
58397
58404
58451
58477
58487
58621
58641
58649
58651
58683
58706
58740
58757
58786
58791
58854
58922
58927
58930
58936
58940
58955
58962
58964
58985
59078
59094
59117
59120
59122
59147
59210
59251
59253
59268
59279
59349
59374
59371
59407
59432
59431
59441
59442
59447
59454
59466
59505
59504
59526
59545
59553
59563
59595
59596
59632
59642
59674
59681
59684
59711
59725
59728
59729
59764
59791
59796
59795
59816
59851
59854
59895
59939
59943
59980
59996
60002
60011
60020
60071
60068
60073
60084
60087
60117
60118
60140
60144
60154
60177
60192
60230
60281
60330
60357
60362
60376
60380
60404
60422
60435
60460
60472
60485
60494
60508
60558
60567
60592
60602
60610
60626
60631
60708
60713
60721
60739
60781
60786
60800
60819
60834
60857
60863
60882
60911
60945
60947
60976
61003
61029
61035
61046
61053
61055
61058
61098
61101
61102
61138
61135
61147
61173
61189
61191
61211
61236
61251
61272
61316
61323
61348
61364
61400
61439
61493
61500
61509
61585
61590
61602
61634
61640
61660
61674
61677
61691
61700
61711
61722
61731
61740
61743
61767
61801
61818
61823
61857
61874
61885
61904
61916
61925
61933
61936
61976
61996
61998
62000
62006
62071
62082
62100
62117
62134
62137
62157
62160
62181
62214
62217
62222
62238
62251
62284
62282
62292
62297
62310
62319
62337
62370
62401
62416
62468
62563
62610
62651
62729
62755
62756
62838
62900
62904
62994
63023
63040
63068
63119
63129
63213
63410
63452
63473
63727
63730
63731
63734
63740
63759
63760
63765
63840
63889
63911
63930
63940
63949
63956
63962
63981
63989
63997
64019
64021
64022
64053
64050
64067
64200
64236
64262
64398
64425
64432
64437
64435
64439
64451
131099
131100
131149
131164
131188
131214
131276
131306
131316
131353
131386
131392
131404
131414
131423
131428
131444
131447
131541
131577
131626
131775
131921
131928
131924
131941
131951
132052
132056
132059
132064
132080
132111
132198
132203
132216
132238
132241
132304
132322
132325
132335
132386
132400
132425
132464
132489
132509
132513
132542
132563
132591
132644
132680
132692
132697
132721
132742
132783
132813
132819
132816
132839
132883
132891
132899
132932
132937
132938
132974
132999
133041
133065
133115
133120
133143
133159
133199
133201
133210
133219
133261
133290
133295
133296
133393
133398
133441
133448
133461
133499
133525
133617
133618
133643
133694
133731
133741
133744
133747
133752
133762
133766
133772
133779
133800
133847
133866
133882
133923
133948
133950
133981
133980
133983
133987
134015
134018
134025
134028
134030
134034
134105
134113
134117
134121
134137
134153
134175
134176
134196
134221
134239
134257
134271
134290
134294
134308
134330
134335
134333
134343
134366
134383
134409
134437
134450
134451
134512
134522
134529
134548
134585
134601
134599
134612
134662
134700
134705
134781
134802
134804
134812
134823
134852
134859
134867
134870
134875
134900
134918
134926
134963
134970
134979
134996
135026
135065
135081
135115
135132
135140
135161
135160
135172
135182
135187
135201
135215
135218
135228
135241
135255
135330
135339
135343
135357
135377
135386
135387
135392
135391
135450
135459
135520
135543
135556
135581
135583
135596
135615
135673
135676
135682
135688
135693
135714
135740
135779
135778
135789
135811
135818
135839
135862
135866
135905
135915
135917
135920
135932
135942
135951
135953
136014
136023
136038
136052
136146
136151
136160
136171
136170
136209
136207
136251
136257
136279
136288
136294
136297
136327
136331
136345
136356
136363
136366
136399
136429
136435
136461
136523
136527
136557
136563
136600
136633
136655
136670
136674
136698
136705
136713
136719
136721
136722
136723
136739
136743
136765
136782
136793
136803
136800
136851
136892
136899
136903
136920
136933
136950
136970
136988
137020
137045
137081
137100
137099
137113
137116
137118
137124
137128
137139
137147
137146
137156
137162
137174
137257
137261
137280
137331
137432
137446
137478
137483
137485
137530
137537
137543
137547
137550
137554
137551
137571
137570
137586
137590
137594
137604
137606
137615
137621
137625
137630
137652
137655
137679
137826
137829
137870
137873
137877
137893
137915
137969
137978
137982
137999
138025
138031
138062
138074
138115
138152
138156
138170
138192
138195
138227
138241
138246
138249
138251
138261
138264
138267
138275
138280
138292
138293
138297
138299
138304
138338
138359
138392
138402
138403
138415
138431
138500
138497
138520
138538
138542
138567
138576
138608
138611
138618
138623
138638
138666
138671
138698
138710
138708
138728
138733
138735
138755
138756
138758
138763
138772
138778
138779
138790
138944
138961
138968
138981
138994
138995
139008
139013
139016
139021
139029
139036
139065
139086
139191
139213
139254
139256
139265
139280
139283
139326
139327
139330
139335
139337
139343
139345
139456
139461
139508
139514
139526
139529
139534
139538
139542
139549
139554
139561
139558
139562
139571
139635
139638
139647
139659
139680
139686
139565
139716
139736
139773
139786
139792
139857
139854
139865
139902
139924
139927
139995
140045
140072
140077
140093
140103
140108
140107
140214
140244
140288
196645
196653
196678
196713
196745
196752
196763
196812
196824
196955
196976
197019
197068
197071
197155
197168
197216
197218
197226
197252
197308
197328
197348
197392
197395
197439
197540
197565
197595
197607
197684
197695
197706
197707
197712
197718
197726
197746
197751
197856
197902
197914
197922
197988
198012
198047
198066
198068
198171
198195
198203
198249
198347
198414
198432
198435
198438
198452
198485
198546
198610
198620
198616
198639
198651
198670
198746
198757
198758
198770
198849
198944
198968
199008
199089
199098
199102
199103
199202
199246
199251
199274
199325
199366
199391
199419
199481
199484
199524
199542
199558
199566
199581
199597
199608
199653
199669
199733
199758
199780
199835
199833
199860
199883
199907
199990
199997
200000
200019
200062
200070
200081
200083
200088
200095
200128
200147
200185
200288
200296
200313
200342
200366
200411
200420
200440
200441
200449
200466
200487
200494
200523
200532
200531
200548
200620
200621
200651
200660
200672
200698
200709
200713
200719
200740
200756
200803
200831
200837
200868
200875
200879
200901
200904
200918
200960
200979
200983
201039
201064
201071
201079
201094
201106
201117
201133
201147
201200
201206
201224
201227
201231
201282
201295
201401
201415
201425
201446
201492
201499
201520
201525
201536
201563
201591
201597
201630
201660
201668
201678
201684
201682
201691
201702
201743
201772
201813
201848
201857
201862
201895
201920
201924
201928
201937
201964
201971
201978
201983
201999
202015
202023
202024
202053
202054
202090
202155
202206
202242
202269
202290
202297
202302
202306
202310
202334
202362
202365
202401
202422
202423
202448
202469
202468
202475
202490
202492
202511
202521
202538
202536
202595
202675
202700
202759
202809
202825
202861
202873
202879
202882
202916
202919
202920
202931
202933
202954
202955
202958
202969
202984
202987
202991
203004
203002
203008
203020
203087
203117
203148
203152
203226
203233
203241
203254
203292
203295
203320
203377
203380
203392
203393
203395
203417
203446
203461
203476
203523
203557
203563
203625
203684
203686
203695
203706
203791
203810
203822
203827
203833
203891
203904
203944
203975
203988
203999
204026
204039
204041
204058
204078
204117
204136
204149
204154
204164
204167
204196
204197
204199
204213
204235
204287
204294
204343
204352
204353
204391
204393
204413
204454
204461
204472
204490
204528
204544
204548
204565
204566
204570
204584
204601
204641
204650
204652
204667
204685
204682
204695
204776
204773
204774
204795
204818
204844
204856
204868
204872
204915
204929
204957
205013
205015
205026
205027
205072
205081
205106
205124
205143
205172
205192
205220
205229
205244
205275
205367
205375
205399
205450
205507
205544
205587
205595
205630
205631
205662
205665
205668
205710
205727
205766
205840
205848
205863
205874
205886
205897
205930
205941
205952
206045
206079
206102
206110
206170
206191
206204
206256
206264
206281
206326
206331
206369
206395
206397
206435
206485
206519
206564
206570
206612
206649
206712
206728
206764
206798
206812
206809
206817
206820
206819
206873
206892
206898
206991
207002
207027
207031
207034
207077
207083
207125
207134
207143
207154
207176
207199
207319
207326
207408
207429
207459
207492
207503
207523
207529
207532
207560
207569
207634
207636
207654
207677
207709
207728
207729
207758
207785
207879
208006
208038
208056
208130
208141
208145
208155
208161
208176
208222
208220
208232
208264
208286
208296
208306
208332
208389
208410
208414
208425
208440
208450
208485
208530
208541
208544
208555
208609
208617
208626
208636
208685
208711
208748
208747
208762
208769
208770
208780
208894
208895
208898
208951
208956
208978
209006
209031
209042
209074
209121
209132
209143
209146
209150
209155
209201
209221
209220
209280
209302
209355
209371
209393
209402
209453
209461
209482
209521
209543
209546
209548
209575
209584
209592
209605
209622
209632
209666
209687
209713
209737
209741
209758
209782
209789
209813
209825
209829
209836
209837
209853
209862
209882
209907
209914
209929
209942
209950
210003
210055
210078
210079
210086
210097
210119
210179
210181
210195
210200
210204
210225
210228
210241
210242
210250
210266
210269
210273
210288
210294
210327
210329
213292
213340
213339
213369
262170
262254
262256
262276
262281
262287
262295
262309
262313
262322
262327
262325
262337
262360
262364
262397
262399
262405
262433
262448
262452
262449
262451
262497
262510
262518
262542
262545
262552
262570
262600
262603
262602
262608
262613
262619
262628
262627
262640
262693
262712
262736
262746
262749
262751
262764
262767
262781
262790
262812
262825
262829
262831
262837
262844
262863
262866
262875
262882
262890
262899
262938
262937
262940
262954
262961
262985
262990
263007
263014
263023
263030
263061
263074
263108
263078
263093
263098
263163
263164
263166
263237
263296
263294
263303
263331
263341
263355
263358
263369
263370
263377
263380
263389
263397
263402
263426
263430
263441
263446
263454
263464
263469
263493
263511
263515
263557
263590
263597
263598
263615
263618
263641
263659
263662
263700
263713
263735
263753
263829
263833
263837
263848
263867
263879
263886
263895
263896
263900
263921
263930
263943
263954
263957
263962
263972
263974
263975
263981
263987
263986
263994
264000
264008
264014
264019
264036
264041
264042
264044
264049
264064
264074
264077
264078
264090
264093
264091
264094
264102
264126
264136
264139
264145
264148
264156
264159
264168
264172
264177
264180
264204
264205
264217
264231
264239
264252
264260
264263
264282
264291
264296
264302
264307
264333
264334
264343
264348
264356
264362
264366
264365
264369
264370
264378
264393
264412
264423
264433
264441
264451
264456
264457
264458
264467
264462
264476
264481
264488
264494
264503
264506
264520
264528
264549
264553
264554
264567
264578
264587
264584
264588
264604
264649
264725
264739
264740
264763
264831
264852
264860
264865
264868
264870
264869
264881
264880
264884
264885
264890
264895
264898
264899
264901
264904
264908
264912
264917
264928
264942
264946
264947
264953
264965
264974
264980
265000
265003
265005
265010
265023
265031
265034
265050
265060
265059
265078
265082
265088
265087
265099
265122
265129
265137
265142
265148
265164
265166
265169
265173
265186
265191
265208
265212
265253
265257
265261
265262
265265
265267
265276
265273
265281
265286
265287
265291
265298
265301
265305
265307
265313
265323
265337
265340
265346
265355
265357
265360
265367
265372
265379
265380
265381
265388
265400
265419
265420
265428
265432
265441
265450
265459
265468
265465
265467
265470
265474
265490
265489
265492
265493
265499
265509
265527
265545
265575
265595
265599
265604
265621
265632
265645
265656
265674
265694
265719
265725
265730
265731
265793
265799
265818
265831
265839
265887
265919
265920
265939
265945
265948
265957
265973
265978
265979
266004
266014
266026
266025
266036
266035
266042
266048
266051
266057
266055
266063
266070
266067
266073
266075
266081
266084
266085
266090
266103
266110
266113
266119
266118
266132
266138
266139
266142
266146
266151
266162
266169
266172
266173
266176
266187
266190
266193
266206
266224
266241
266243
266246
266252
266271
266273
266281
266278
266282
266290
266295
266301
266304
266309
266314
266318
266320
266329
266331
266343
266345
266359
266371
266369
266380
266379
266391
266398
266399
266401
266404
266405
266411
266417
266418
266419
266422
266424
266433
266431
266427
266447
266456
266458
266462
266459
266471
266479
266476
266478
266485
266488
266490
266500
266503
266510
266515
266530
266532
266547
266567
266563
266564
266569
266579
266591
266595
266599
266601
266605
266612
266616
266617
266620
266622
266624
266631
266634
266638
266639
266647
266740
266766
266795
266832
266833
266855
266878
266886
266892
266897
266912
266911
266918
266920
266932
266935
266942
266953
266962
266943
266969
266971
266973
266975
266976
266981
266987
266939
266986
266991
266955
267001
267005
267007
267010
267022
267023
267016
267026
267030
267035
267039
267043
267047
267046
267063
267066
267071
267073
267078
267087
267089
267090
267110
267116
267115
267123
267127
267130
267133
267136
267139
267142
267143
267148
267157
267163
267166
267177
267184
267195
267194
267200
267211
267215
267220
267223
267222
267228
267230
267236
267240
267245
267260
267268
267265
267269
267267
267270
267283
267285
267286
267296
267298
267304
267307
267308
267316
267320
267323
267333
267328
267353
267354
267352
267355
267358
267362
267364
267374
267371
267377
267379
267381
267388
267391
267395
267394
267402
267403
267408
267412
267411
267429
267455
267467
267476
267479
267483
267486
267494
267496
267500
267506
267507
267510
267531
267535
267537
267538
267557
267559
267565
267570
267584
267592
267597
267600
267603
267609
267610
267617
267625
267645
267648
267655
267657
267656
267658
267710
267815
267822
267830
267841
267866
267870
267881
267912
267917
267941
267946
267937
267938
267953
267956
267959
267965
267963
267969
267950
267985
267990
267987
267988
267986
267992
267994
268006
267999
268003
268002
268008
268014
268012
268016
268030
268036
268041
268044
268046
268053
268055
268062
268066
268072
268075
268078
268093
268089
268100
268105
268104
268106
268109
268110
268114
268115
268120
268124
268129
268127
268130
268140
268138
268150
268161
268164
268163
268170
268179
268181
268191
268189
268203
268202
268220
268241
268247
268261
268279
268277
268283
268281
268285
268287
268293
268301
268300
268308
268307
268309
268315
268312
268327
268326
268329
268332
268333
268340
268346
268345
268351
268357
268358
268363
268366
268367
268374
268379
268378
268384
268388
268395
268399
268405
268408
268419
268422
268448
268453
268465
268472
268488
268492
268506
268505
268517
268520
268531
268533
268535
268536
268542
268547
268554
268555
268559
268564
268571
268578
268584
268582
268588
268590
268598
268610
268613
268627
268636
268635
268639
268640
268642
268651
268653
268660
268662
268663
268666
268664
268671
268677
268673
268682
268686
268690
268695
268694
268700
268703
268709
268721
268730
268735
268753
268758
268768
268771
268770
268774
268776
268779
268786
268791
268790
268796
268803
268813
268815
268816
268827
268824
268826
268831
268838
268844
268850
268856
268860
268863
268865
268872
268871
268885
268886
268892
268895
268896
268901
268908
268912
268913
268910
268927
268932
268942
268949
268947
268951
268959
268958
268963
268965
268969
268974
268975
268979
268985
269000
268996
269002
269006
269008
269010
269012
269015
269016
269022
269026
269029
269034
269038
269042
269041
269048
269052
269056
269054
269059
269057
269064
269070
269077
269083
269080
269087
269098
269101
269102
269108
269113
269112
269120
269125
269133
269140
269145
269150
269157
269159
269162
269165
269164
269166
269174
269183
269188
269200
269203
269207
269210
269211
269219
269222
269228
269227
269230
269233
269238
269241
269240
269251
269254
269260
269259
269262
269263
269267
269269
269270
269277
269287
269289
269285
269303
269302
269305
269317
269321
269332
269328
269340
269341
269343
269350
269352
269351
269353
269359
269358
269357
269364
269379
269381
269385
269389
269388
269392
269396
269403
269407
269413
269427
269438
269442
269445
269447
269448
269450
269469
269470
269473
269474
269480
269485
269490
269503
269509
269508
269514
269515
269522
269519
269527
269529
269531
269536
269541
269540
269544
269545
269551
269554
269553
269560
269563
269564
269573
269586
269592
269598
269596
269601
269602
269604
269607
269609
269613
269628
269635
269645
269644
269652
269653
269660
269666
269667
269668
269672
269673
269677
269681
269684
269686
269687
269688
269689
269691
269694
269695
269701
269700
269703
269706
269717
269724
269734
269737
269762
269769
269774
269776
269794
269803
269817
269847
269895
269905
269952
269962
270241
270243
270251
270249
270255
270258
270259
270264
270269
270271
270272
270276
270274
270278
270280
270283
270286
270287
270288
270301
270308
270311
270313
270316
270317
270318
270321
270326
270323
270325
270330
270332
270333
270335
270342
270339
270343
270344
270345
270350
270351
270353
270356
270358
270357
270360
270363
270366
270367
270369
270370
270372
270375
270382
270380
270388
270396
270394
270400
270403
270406
270408
270409
270410
270415
270416
270418
270422
270423
270427
270432
270433
270434
270435
270439
270445
270448
270463
270458
270462
270466
270468
270470
270471
270474
270472
270477
270479
270480
270483
270484
270489
270491
270493
270494
270495
270496
270497
270500
270501
270505
270508
270510
270519
270518
270522
270527
270530
270532
270537
270536
270540
270541
270542
270545
270550
270553
270558
270557
270562
270565
270566
270568
270569
270570
270575
270578
270581
270582
270585
270586
270584
270587
270589
270590
270595
270598
270602
270607
270609
270611
270613
270614
270616
270619
270625
270629
270626
270635
270632
270633
270638
270644
270645
270667
270669
270672
270673
270677
270689
270702
327979
328032
328037
328110
328170
328364
328543
328621
393259
393398
393441
393559
393698
393710
393841
393886
393960
394177
394180
394277
394281
394380
394674
394695
394727
394808
394949
395021
395048
395092
395111
395285
395336
395451
395467
395512
395532
395681
395723
395776
395839
395954
396076
396073
396116
396158
396190
396300
396356
396362
396839
396949
396948
397086
397219
397215
397220
397233
397238
397242
397241
397240
397280
397378
397373
397423
397563
397582
397702
397698
397666
397834
397887
397919
397964
398083
398107
398131
398217
5056
31798
134520
54574
206804
213035
209103
212238
141039